%Esta funcion contiene una trayectoria articular ejemplo para el
%manipulador PUMA560 de n=6 grados de libertad rotacionales

%Copyright: Julian Colorado.

%Salidas: 
%q: posiciones articulares. No.filas indican el No. de puntos de
%trayectoria a ejecutar, mientras las columnas indican el Grado de Libertad
%(articulaci?n) respectiva

%qd: velocidades articulares

%qdd: aceleraciones articulares


function [q,qd,qdd] = joint_traj_puma560()

%************************************************************************
%Trayectoria articular q, qd, qdd  
%************************************************************************

%posiciones articulares segun la trayectoria para cada articulacion pxn
%p=Puntos de trayectoria a ejecutar, n= Grados de Libertad del robot (DoF)
     
q=     [ 0         0         0         0         0         0;
         0    0.0006   -0.0006         0         0         0;
         0    0.0046   -0.0046         0         0         0;
         0    0.0148   -0.0148         0         0         0;
         0    0.0332   -0.0332         0         0         0;
         0    0.0611   -0.0611         0         0         0;
         0    0.0995   -0.0995         0         0         0;
         0    0.1486   -0.1486         0         0         0;
         0    0.2084   -0.2084         0         0         0;
         0    0.2781   -0.2781         0         0         0;
         0    0.3569   -0.3569         0         0         0;
         0    0.4435   -0.4435         0         0         0;
         0    0.5365   -0.5365         0         0         0;
         0    0.6341   -0.6341         0         0         0;
         0    0.7347   -0.7347         0         0         0;
         0    0.8361   -0.8361         0         0         0;
         0    0.9367   -0.9367         0         0         0;
         0    1.0343   -1.0343         0         0         0;
         0    1.1273   -1.1273         0         0         0;
         0    1.2139   -1.2139         0         0         0;
         0    1.2927   -1.2927         0         0         0;
         0    1.3624   -1.3624         0         0         0;
         0    1.4221   -1.4221         0         0         0;
         0    1.4713   -1.4713         0         0         0;
         0    1.5097   -1.5097         0         0         0;
         0    1.5376   -1.5376         0         0         0;
         0    1.5560   -1.5560         0         0         0;
         0    1.5662   -1.5662         0         0         0;
         0    1.5702   -1.5702         0         0         0;
         0    1.5708   -1.5708         0         0         0];    

t = [0:pi/60:pi/2];     
q(:,1)= t(1:30);

     
%velocidades articulares:    
 qd=    [0         0         0         0         0         0;
         0    0.0522   -0.0522         0         0         0;
         0    0.1943   -0.1943         0         0         0;
         0    0.4054   -0.4054         0         0         0;
         0    0.6663   -0.6663         0         0         0;
         0    0.9594   -0.9594         0         0         0;
         0    1.2688   -1.2688         0         0         0;
         0    1.5801   -1.5801         0         0         0;
         0    1.8805   -1.8805         0         0         0;
         0    2.1587   -2.1587         0         0         0;
         0    2.4052   -2.4052         0         0         0;
         0    2.6120   -2.6120         0         0         0;
         0    2.7727   -2.7727         0         0         0;
         0    2.8825   -2.8825         0         0         0;
         0    2.9382   -2.9382         0         0         0;
         0    2.9382   -2.9382         0         0         0;
         0    2.8825   -2.8825         0         0         0;
         0    2.7727   -2.7727         0         0         0;
         0    2.6120   -2.6120         0         0         0;
         0    2.4052   -2.4052         0         0         0;
         0    2.1587   -2.1587         0         0         0;
         0    1.8805   -1.8805         0         0         0;
         0    1.5801   -1.5801         0         0         0;
         0    1.2688   -1.2688         0         0         0;
         0    0.9594   -0.9594         0         0         0;
         0    0.6663   -0.6663         0         0         0;
         0    0.4054   -0.4054         0         0         0;
         0    0.1943   -0.1943         0         0         0;
         0    0.0522   -0.0522         0         0         0;
         0         0         0         0         0         0];

%aceleraciones articulares:
qdd=[    0         0         0         0         0         0;
         0    2.9215   -2.9215         0         0         0;
         0    5.2169   -5.2169         0         0         0;
         0    6.9327   -6.9327         0         0         0;
         0    8.1151   -8.1151         0         0         0;
         0    8.8107   -8.8107         0         0         0;
         0    9.0658   -9.0658         0         0         0;
         0    8.9267   -8.9267         0         0         0;
         0    8.4398   -8.4398         0         0         0;
         0    7.6514   -7.6514         0         0         0;
         0    6.6080   -6.6080         0         0         0;
         0    5.3560   -5.3560         0         0         0;
         0    3.9416   -3.9416         0         0         0;
         0    2.4114   -2.4114         0         0         0;
         0    0.8115   -0.8115         0         0         0;
         0   -0.8115    0.8115         0         0         0;
         0   -2.4114    2.4114         0         0         0;
         0   -3.9416    3.9416         0         0         0;
         0   -5.3560    5.3560         0         0         0;
         0   -6.6080    6.6080         0         0         0;
         0   -7.6514    7.6514         0         0         0;
         0   -8.4398    8.4398         0         0         0;
         0   -8.9267    8.9267         0         0         0;
         0   -9.0658    9.0658         0         0         0;
         0   -8.8107    8.8107         0         0         0;
         0   -8.1151    8.1151         0         0         0;
         0   -6.9327    6.9327         0         0         0;
         0   -5.2169    5.2169         0         0         0;
         0   -2.9215    2.9215         0         0         0;
         0    0.0000   -0.0000         0         0         0];
     
end